.Random.seed <-
c(403L, 427L, 497550921L, -962336758L, -1057483795L, -2113113516L, 
2130200283L, 172629833L, -437152661L, -696112896L, -2125097142L, 
1242514046L, -832495480L, -1545324099L, 452323465L, -391320307L, 
-241357884L, 1617571683L, 267744177L, 1920248873L, 964584737L, 
838282448L, 2052907613L, 1651909444L, -517614982L, -496593952L, 
-1367236064L, 1298473004L, -660697924L, 1540607709L, 1454846194L, 
488859142L, -327951543L, -451854154L, -252049844L, 2078705166L, 
-1173593210L, -1269169080L, 738469495L, -1409321556L, 1736003831L, 
-238612824L, -881149339L, 298564246L, -736092753L, -1495067371L, 
-1370624503L, -1519382424L, 267410193L, 480158901L, 1247069438L, 
-652454267L, -1900126212L, -2035564200L, 1148414282L, 2120130842L, 
-356558142L, -547214464L, -1570413508L, 284066006L, 792471653L, 
1825730354L, -1910853319L, -1680906428L, 720051798L, -1001750537L, 
-983468669L, 1814017030L, 1239137160L, 797064384L, -734600160L, 
2039517163L, -553162693L, -2063651491L, -118135236L, -1488654679L, 
-639565243L, 1623719356L, -63514726L, 59512407L, 1138498138L, 
448180480L, 1616216178L, 1949317021L, -38303229L, -1993671027L, 
-48330856L, 801604507L, 65433674L, -848248268L, 530120566L, 355598001L, 
-1104739590L, -257591424L, 1512790843L, -1671042191L, 1128775391L, 
-197344149L, -19429997L, -1048429058L, -629237906L, 325046459L, 
718888720L, -2026795287L, -427840913L, -537167327L, -664871449L, 
-1605944989L, -1091667448L, -43409186L, 776109603L, -1297691210L, 
-1332784168L, 1375236755L, 50411766L, 549083944L, 189246819L, 
330893212L, -1788450220L, 763471768L, 1120626731L, -317964100L, 
-1545877192L, 1762027570L, 632350953L, 583065600L, 1516198952L, 
-166673168L, 1914304245L, -1501591026L, -406833621L, -1830094194L, 
67756199L, -859049683L, -745311059L, -657006173L, 26759298L, 
-1479923309L, 1930534758L, -870757206L, 1570592988L, 1782774834L, 
-289141505L, -1881469545L, -2146714369L, -1647811173L, 737162918L, 
2057619135L, 1242679620L, -795261769L, -272903529L, -1550814988L, 
-1827997860L, -920739165L, 1581969168L, 598455425L, 1668236716L, 
1430844164L, 1585529139L, 2095149330L, 808681599L, 2109210461L, 
-1349355119L, 385688374L, 1342659037L, 133734349L, 1483885819L, 
-1887157881L, -2073648595L, -137582514L, -479890435L, 569226336L, 
-740880348L, 1972797982L, -2054653264L, -1324257420L, 1036737192L, 
-745985441L, 1671022009L, 1994852207L, -646614713L, 1510741444L, 
-1345153089L, -902469002L, -1162120776L, -277185057L, 2126322418L, 
365780385L, -1381688412L, -1684721560L, -1251585035L, -557121890L, 
1434079005L, -171340136L, 1829546206L, -315783176L, 1213097364L, 
2776028L, 1381140900L, 1369662901L, 948318185L, 881881708L, 344830099L, 
-1244579607L, -715699513L, 1626190987L, -29322956L, -849495653L, 
-388892801L, 1500091401L, 415528988L, -987419475L, -1870686338L, 
-1271795596L, -1301915220L, 1451089284L, 1816326013L, -1447545565L, 
-1882520869L, -2079203446L, 1734205502L, 1055681240L, 749554357L, 
-973235479L, 231679781L, 698931488L, -1566384782L, 1240704522L, 
1637747608L, -950818546L, 362582198L, -77905486L, 2031465259L, 
-1360531807L, 747868424L, 991465074L, -2087626561L, 284957175L, 
-1195337642L, 1931368241L, 420358474L, 332566824L, -1571920147L, 
-683099758L, -1566321522L, 800706186L, -1407884376L, -1943400363L, 
-1335622053L, 1046791718L, 95842823L, -93174616L, 1769928947L, 
1468249287L, -1173892162L, -1029499775L, 1754948696L, -1061324261L, 
472984392L, -1843945852L, 1071227828L, 1643216429L, -1847883014L, 
-1851553109L, -2107200258L, -1880174531L, 1563277523L, 1202758992L, 
-236644886L, 1785539240L, -1650801804L, -2101874511L, 1012041997L, 
-911479223L, 955763037L, 186525029L, 498352655L, -1163454583L, 
-1871944527L, -1944531031L, 1352664470L, 1789626812L, 1886571865L, 
489219474L, 1153802050L, 853428684L, -2005775430L, -342056673L, 
1208021226L, -1068728382L, -618641869L, -732377690L, 516686989L, 
2128900650L, 1336604825L, -1143561034L, -2086921615L, 1542830852L, 
1159524939L, -125561586L, -1586110300L, 1366635582L, -875025545L, 
-1193663567L, -619489642L, -1506774817L, 2134247427L, 1111504793L, 
-1392070734L, 2077797340L, -616514390L, 1717023599L, 1403202354L, 
-1039403486L, 2056308496L, 2138093102L, 1548522078L, 427881522L, 
1880627016L, -1715379025L, -39150878L, -1446385107L, -834076784L, 
515521464L, 993906920L, 2128373526L, 926758586L, 359941618L, 
579297212L, 324102278L, 255932410L, 1905848141L, 1529006128L, 
-1596860874L, -1095777008L, -1203252746L, 703095989L, 495057713L, 
1252404353L, -1128187910L, 1797598928L, 1712265525L, -827182454L, 
441688035L, 458230780L, -422389306L, 932866093L, -172027951L, 
902810309L, -1217028770L, -763274813L, -1654922639L, -410219447L, 
-696280488L, -287432348L, -1766917193L, 1341472468L, 201218509L, 
1697833330L, 1995452804L, 171943590L, 1642280690L, 2000989341L, 
-368257800L, 1336579315L, 138795857L, 1518543731L, 622815027L, 
1753583670L, 19500556L, -1978080180L, 1584410737L, -23788630L, 
1697632838L, -621432285L, -2051250811L, -836282962L, 43407141L, 
-1596925358L, -2040515254L, -988577493L, -1051546412L, -1122587872L, 
-1457851069L, -1190300557L, 540762127L, 1707348462L, -1094330272L, 
1015211122L, 712714705L, -1276268134L, 197298230L, 1466048565L, 
617845812L, -20670374L, 1079195475L, 1790049079L, 2050788667L, 
110070412L, 622989733L, -727201564L, -254902612L, -627398874L, 
-234290932L, 1005014485L, 482859764L, 625075191L, 852232020L, 
257580704L, -2084728437L, 1927871778L, 1569545216L, 2031210927L, 
-1176799672L, 424606394L, 685267845L, 1887001426L, 736957777L, 
-615500999L, -725526034L, -159148269L, 624713061L, 741347927L, 
-812053857L, 1420242496L, 1324946045L, 200650264L, -235393201L, 
2012788392L, 1780066304L, 1741775222L, 1470632523L, 1355702604L, 
-1814894007L, -1412528098L, 197372647L, 1482313795L, -2098947317L, 
-1074383325L, -1092076836L, 1136750941L, -702071366L, -1331650765L, 
510477547L, -735455227L, 771910591L, 28866794L, 2077895777L, 
-1002142749L, -635806983L, -947152859L, 966853149L, 792773518L, 
1355437870L, 1523122177L, -1875551396L, 119375103L, 718640954L, 
-1030590250L, -273160851L, -608951470L, -1515909636L, -331629119L, 
370909367L, -1955230839L, -1154807149L, -715201897L, -185938799L, 
324128886L, -1723500315L, -1053782043L, 1305305100L, -2116790563L, 
847766623L, -1182577839L, -224201195L, 1310056409L, -958930222L, 
1594484333L, -1089362075L, -1105131691L, -1844861454L, -252109817L, 
1113471115L, 2022231634L, -799514834L, -1818050485L, -1893123908L, 
-1023182650L, 626408470L, -2041787336L, -467628655L, 572310399L, 
-397559466L, 859318881L, 911199728L, -1161646569L, -1691640255L, 
571708844L, 892113033L, -1948765221L, -1679858182L, -1453421480L, 
-1088913653L, 1609111490L, -678957961L, -880758404L, -1339241675L, 
1470950996L, 2049787411L, 993472937L, -992164996L, 686065230L, 
2103919113L, 1118294917L, -341167055L, 920019261L, -814313639L, 
-1982703335L, 1304507069L, 381627785L, 1116420446L, -283406258L, 
-1353600135L, 160624493L, 1812719262L, -1147601618L, -915948607L, 
-1201935528L, 1372515915L, 638371725L, -1546056551L, 1355757462L, 
-1357110607L, 690425833L, -1240665301L, 1454989705L, -430902429L, 
665725848L, 922931160L, -548846475L, 420871557L, -1938824332L, 
-1226192210L, -2072297L, 944431870L, -34180462L, -1889429637L, 
1759111733L, 948682014L, -417009272L, -1841133823L, 1612972470L, 
-449942628L, 1009927285L, 956422480L, -20819135L, 89535183L, 
530708097L, 408162913L, -1588638L, 628226162L, -1612059569L, 
1072339927L, -1192736194L, 2135025423L, -1027694247L, -142717910L, 
167425482L, 1080141157L, 1042446504L, -1487145824L, -443639754L, 
373287671L, 1656950494L, -559904484L, -1847225290L, 1726429250L, 
228379247L, -367656074L, 928729106L, 233371601L, 1431722034L, 
299012605L, -1168360699L, 99865957L, 2029406930L, -287610188L, 
-1939076891L, -1235107762L, 1900937757L, 1284957825L, 612166551L, 
653473555L, 1673510239L, 169812407L, 1372111395L, -1675982171L, 
-1598247918L, 1551787535L, -1851543471L, -26013845L, -1080833271L, 
